Instance Name       Completion Time     Objective Value     Obj. Func. LB       Gap                 Nb. of ULs          Nb. of Desired ULs  Grid Occupancy      UL Occupancy        
                                                                                                                                                                                    
Instance_100_large  30013.865400        711.000000          672.000000          0.054852            240                 18                  0.631579            0.075000            
Instance_101_large  30002.977800        1509.000000         1480.000000         0.019218            360                 18                  0.750000            0.050000            
Instance_102_large  30010.691600        1204.000000         1132.000000         0.059801            360                 18                  0.750000            0.050000            
Instance_103_large  30009.907900        1433.000000         1391.000000         0.029309            360                 18                  0.750000            0.050000            
Instance_104_large  30008.658700        1311.000000         1280.000000         0.023646            360                 18                  0.750000            0.050000            
Instance_105_large  29994.628100        1557.000000         1502.000000         0.035324            360                 18                  0.750000            0.050000            
Instance_106_large  30010.970300        1451.000000         1370.000000         0.055824            360                 18                  0.750000            0.050000            
Instance_107_large  30012.628300        1399.000000         1395.000000         0.002859            360                 18                  0.750000            0.050000            
Instance_108_large  30008.833800        1290.000000         1225.000000         0.050388            360                 18                  0.750000            0.050000            
Instance_109_large  30013.739800        1218.000000         1145.000000         0.059934            360                 18                  0.750000            0.050000            
Instance_10_large   30010.578700        485.000000          421.000000          0.131959            200                 18                  0.588235            0.090000            
Instance_110_large  30007.210700        1522.000000         1380.000000         0.093298            360                 18                  0.750000            0.050000            
Instance_111_large  30001.020100        1745.000000         1660.000000         0.048711            480                 18                  1.000000            0.037500            
Instance_112_large  30009.234700        1720.000000         1671.000000         0.028488            480                 18                  1.000000            0.037500            
Instance_113_large  30011.144400        1701.000000         1645.000000         0.032922            480                 18                  1.000000            0.037500            
Instance_114_large  30017.827500        2287.000000         2216.000000         0.031045            480                 18                  1.000000            0.037500            
Instance_115_large  29999.569700        2389.000000         2297.000000         0.038510            480                 18                  1.000000            0.037500            
Instance_116_large  30014.138900        1578.000000         1463.000000         0.072877            480                 18                  1.000000            0.037500            
Instance_117_large  30011.037400        1759.000000         1633.000000         0.071632            480                 18                  1.000000            0.037500            
Instance_118_large  30015.205200        2218.000000         2178.000000         0.018034            480                 18                  1.000000            0.037500            
Instance_119_large  30010.851200        2107.000000         2046.000000         0.028951            480                 18                  1.000000            0.037500            
Instance_11_large   30011.080600        885.000000          752.000000          0.150282            300                 18                  0.750000            0.060000            
Instance_120_large  30020.317200        1624.000000         1557.000000         0.041256            480                 18                  1.000000            0.037500            
Instance_121_large  30009.021100        978.000000          974.000000          0.004090            288                 18                  0.631579            0.062500            
Instance_122_large  30026.411100        890.000000          853.000000          0.041573            288                 18                  0.600000            0.062500            
Instance_123_large  30011.637500        822.000000          572.000000          0.304136            288                 18                  0.666667            0.062500            
Instance_124_large  30015.116300        972.000000          915.000000          0.058642            288                 18                  0.571429            0.062500            
Instance_125_large  30019.278300        783.000000          714.000000          0.088123            288                 18                  0.705882            0.062500            
Instance_126_large  30009.373200        637.000000          585.000000          0.081633            288                 18                  0.631579            0.062500            
Instance_127_large  30010.794000        1085.000000         1041.000000         0.040553            288                 18                  0.600000            0.062500            
Instance_128_large  30019.532800        926.000000          891.000000          0.037797            288                 18                  0.600000            0.062500            
Instance_129_large  30015.160800        1068.000000         1016.000000         0.048689            288                 18                  0.500000            0.062500            
Instance_12_large   30011.426600        1166.000000         843.000000          0.277015            300                 18                  0.750000            0.060000            
Instance_130_large  30011.403000        1082.000000         1040.000000         0.038817            288                 18                  0.705882            0.062500            
Instance_131_large  30010.928000        1334.000000         1311.000000         0.017241            432                 18                  0.750000            0.041667            
Instance_132_large  30009.862000        1088.000000         1007.000000         0.074449            432                 18                  0.750000            0.041667            
Instance_133_large  30006.210600        1647.000000         1586.000000         0.037037            432                 18                  0.750000            0.041667            
Instance_134_large  30001.790000        1531.000000         1513.000000         0.011757            432                 18                  0.750000            0.041667            
Instance_135_large  30012.232600        1440.000000         1374.000000         0.045833            432                 18                  0.750000            0.041667            
Instance_136_large  30012.675100        1699.000000         1626.000000         0.042966            432                 18                  0.750000            0.041667            
Instance_137_large  30004.762200        1816.000000         1796.000000         0.011013            432                 18                  0.750000            0.041667            
Instance_138_large  30009.811800        1694.000000         1587.000000         0.063164            432                 18                  0.750000            0.041667            
Instance_139_large  30011.022500        1711.000000         1689.000000         0.012858            432                 18                  0.750000            0.041667            
Instance_13_large   30004.766000        868.000000          810.000000          0.066820            300                 18                  0.750000            0.060000            
Instance_140_large  30010.474100        1894.000000         1802.000000         0.048574            432                 18                  0.750000            0.041667            
Instance_141_large  30001.939600        1562.000000         1497.000000         0.041613            576                 18                  1.000000            0.031250            
Instance_142_large  30004.902000        1243.000000         1179.000000         0.051488            576                 18                  1.000000            0.031250            
Instance_143_large  30012.217100        1812.000000         1764.000000         0.026490            576                 18                  1.000000            0.031250            
Instance_144_large  30011.060000        2431.000000         2223.000000         0.085561            576                 18                  1.000000            0.031250            
Instance_145_large  30012.089600        2250.000000         2233.000000         0.007556            576                 18                  1.000000            0.031250            
Instance_146_large  30011.283100        2123.000000         2069.000000         0.025436            576                 18                  1.000000            0.031250            
Instance_147_large  30010.089800        1517.000000         1429.000000         0.058009            576                 18                  1.000000            0.031250            
Instance_148_large  30009.734600        1758.000000         1710.000000         0.027304            576                 18                  1.000000            0.031250            
Instance_149_large  30012.533500        2105.000000         2004.000000         0.047981            576                 18                  1.000000            0.031250            
Instance_14_large   30000.962900        1399.000000         1050.000000         0.249464            300                 18                  0.750000            0.060000            
Instance_150_large  30013.684900        2289.000000         2225.000000         0.027960            576                 18                  1.000000            0.031250            
Instance_151_large  30011.593100        1282.000000         1261.000000         0.016381            336                 18                  0.545455            0.053571            
Instance_152_large  30008.171200        941.000000          903.000000          0.040383            336                 18                  0.571429            0.053571            
Instance_153_large  30002.652400        1171.000000         1099.000000         0.061486            336                 18                  0.600000            0.053571            
Instance_154_large  30017.037500        1092.000000         1074.000000         0.016484            336                 18                  0.631579            0.053571            
Instance_155_large  30000.655300        732.000000          627.000000          0.143443            336                 18                  0.631579            0.053571            
Instance_156_large  30017.478400        1050.000000         1004.000000         0.043810            336                 18                  0.631579            0.053571            
Instance_157_large  30010.164600        953.000000          927.000000          0.027282            336                 18                  0.666667            0.053571            
Instance_158_large  30012.186400        685.000000          668.000000          0.024818            336                 18                  0.666667            0.053571            
Instance_159_large  30001.072100        1011.000000         968.000000          0.042532            336                 18                  0.666667            0.053571            
Instance_15_large   30009.537200        1138.000000         1036.000000         0.089631            300                 18                  0.750000            0.060000            
Instance_160_large  30010.792300        1049.000000         1008.000000         0.039085            336                 18                  0.705882            0.053571            
Instance_161_large  30007.492200        2393.000000         2366.000000         0.011283            504                 18                  0.750000            0.035714            
Instance_162_large  30016.038000        1588.000000         1530.000000         0.036524            504                 18                  0.750000            0.035714            
Instance_163_large  30004.332900        1686.000000         1661.000000         0.014828            504                 18                  0.750000            0.035714            
Instance_164_large  29999.225400        1896.000000         1864.000000         0.016878            504                 18                  0.750000            0.035714            
Instance_165_large  29996.813800        2003.000000         1945.000000         0.028957            504                 18                  0.750000            0.035714            
Instance_166_large  30005.669100        1886.000000         1848.000000         0.020148            504                 18                  0.750000            0.035714            
Instance_167_large  30011.203900        1796.000000         1734.000000         0.034521            504                 18                  0.750000            0.035714            
Instance_168_large  30019.492600        1719.000000         1680.000000         0.022688            504                 18                  0.750000            0.035714            
Instance_169_large  30007.315000        1715.000000         1681.000000         0.019825            504                 18                  0.750000            0.035714            
Instance_16_large   30012.996400        1198.000000         1132.000000         0.055092            300                 18                  0.750000            0.060000            
Instance_170_large  30016.876800        1872.000000         1829.000000         0.022970            504                 18                  0.750000            0.035714            
Instance_171_large  30014.718000        2642.000000         2602.000000         0.015140            672                 18                  1.000000            0.026786            
Instance_172_large  30001.162700        2509.000000         2461.000000         0.019131            672                 18                  1.000000            0.026786            
Instance_173_large  30006.399000        3195.000000         3169.000000         0.008138            672                 18                  1.000000            0.026786            
Instance_174_large  30010.464700        2745.000000         2649.000000         0.034973            672                 18                  1.000000            0.026786            
Instance_175_large  30010.649100        2445.000000         2364.000000         0.033129            672                 18                  1.000000            0.026786            
Instance_176_large  30008.629000        2542.000000         2493.000000         0.019276            672                 18                  1.000000            0.026786            
Instance_177_large  30022.698100        2088.000000         2043.000000         0.021552            672                 18                  1.000000            0.026786            
Instance_178_large  29998.314000        2112.000000         2073.000000         0.018466            672                 18                  1.000000            0.026786            
Instance_179_large  29993.802000        2520.000000         2501.000000         0.007540            672                 18                  1.000000            0.026786            
Instance_17_large   30004.102200        879.000000          819.000000          0.068259            300                 18                  0.750000            0.060000            
Instance_180_large  30011.335200        1692.000000         1645.000000         0.027778            672                 18                  1.000000            0.026786            
Instance_181_large  29997.664900        803.000000          719.000000          0.104608            280                 18                  0.608696            0.064286            
Instance_182_large  30023.653500        872.000000          813.000000          0.067661            280                 18                  0.538462            0.064286            
Instance_183_large  30003.775900        1197.000000         1159.000000         0.031746            280                 18                  0.636364            0.064286            
Instance_184_large  30003.507700        855.000000          776.000000          0.092398            280                 18                  0.700000            0.064286            
Instance_185_large  30001.335000        842.000000          776.000000          0.078385            280                 18                  0.700000            0.064286            
Instance_186_large  30005.292200        1153.000000         1116.000000         0.032090            280                 18                  0.736842            0.064286            
Instance_187_large  30004.356800        979.000000          950.000000          0.029622            280                 18                  0.736842            0.064286            
Instance_188_large  29989.820300        1096.000000         915.000000          0.165146            280                 18                  0.666667            0.064286            
Instance_189_large  30003.537700        900.000000          777.000000          0.136667            280                 18                  0.636364            0.064286            
Instance_18_large   30009.747300        893.000000          859.000000          0.038074            300                 18                  0.750000            0.060000            
Instance_190_large  30004.825500        886.000000          806.000000          0.090293            280                 18                  0.700000            0.064286            
Instance_191_large  30004.923500        1650.000000         1602.000000         0.029091            420                 18                  0.750000            0.042857            
Instance_192_large  30002.889400        1724.000000         1704.000000         0.011601            420                 18                  0.750000            0.042857            
Instance_193_large  30004.728100        1872.000000         1824.000000         0.025641            420                 18                  0.750000            0.042857            
Instance_194_large  30004.039500        1580.000000         1462.000000         0.074684            420                 18                  0.750000            0.042857            
Instance_195_large  30001.213600        1718.000000         1674.000000         0.025611            420                 18                  0.750000            0.042857            
Instance_196_large  30002.321000        1490.000000         1443.000000         0.031544            420                 18                  0.777778            0.042857            
Instance_197_large  30014.775000        1682.000000         1617.000000         0.038644            420                 18                  0.750000            0.042857            
Instance_198_large  30005.531900        2091.000000         2046.000000         0.021521            420                 18                  0.750000            0.042857            
Instance_199_large  30015.237300        1691.000000         1598.000000         0.054997            420                 18                  0.750000            0.042857            
Instance_19_large   30000.911100        1129.000000         1101.000000         0.024801            300                 18                  0.750000            0.060000            
Instance_1_large    30000.608300        640.000000          596.000000          0.068750            200                 18                  0.555556            0.090000            
Instance_200_large  30004.154800        1538.000000         1456.000000         0.053316            420                 18                  0.750000            0.042857            
Instance_201_large  30004.177600        2512.000000         2467.000000         0.017914            560                 18                  1.000000            0.032143            
Instance_202_large  30018.460700        2584.000000         2456.000000         0.049536            560                 18                  1.000000            0.032143            
Instance_203_large  29993.289300        1775.000000         1726.000000         0.027606            560                 18                  1.000000            0.032143            
Instance_204_large  30006.460100        2314.000000         2271.000000         0.018583            560                 18                  1.000000            0.032143            
Instance_205_large  30012.009100        2175.000000         2143.000000         0.014713            560                 18                  1.000000            0.032143            
Instance_206_large  30010.558000        3118.000000         3074.000000         0.014112            560                 18                  1.000000            0.032143            
Instance_207_large  30004.478200        1727.000000         1610.000000         0.067748            560                 18                  1.000000            0.032143            
Instance_208_large  30005.166500        1976.000000         1894.000000         0.041498            560                 18                  1.000000            0.032143            
Instance_209_large  29993.448800        1845.000000         1801.000000         0.023848            560                 18                  1.000000            0.032143            
Instance_20_large   30007.900300        861.000000          813.000000          0.055749            300                 18                  0.750000            0.060000            
Instance_210_large  30017.970200        1719.999990         1647.000000         0.042442            560                 18                  1.000000            0.032143            
Instance_211_large  29992.420700        1288.000000         1266.000000         0.017081            336                 18                  0.608696            0.053571            
Instance_212_large  30011.072100        1250.000000         1001.000000         0.199200            336                 18                  0.636364            0.053571            
Instance_213_large  30003.461200        937.000000          896.000000          0.043757            336                 18                  0.700000            0.053571            
Instance_214_large  30008.943700        1429.000000         1377.000000         0.036389            336                 18                  0.700000            0.053571            
Instance_215_large  30003.183100        982.000000          963.000000          0.019348            336                 18                  0.636364            0.053571            
Instance_216_large  30003.581200        970.000000          891.000000          0.081443            336                 18                  0.538462            0.053571            
Instance_217_large  30012.702200        1251.000000         1198.000000         0.042366            336                 18                  0.636364            0.053571            
Instance_218_large  30002.723800        1134.000000         1065.000000         0.060847            336                 18                  0.666667            0.053571            
Instance_219_large  30009.609100        1093.000000         1044.000000         0.044831            336                 18                  0.700000            0.053571            
Instance_21_large   30004.741500        774.000000          685.000000          0.114987            400                 18                  1.000000            0.045000            
Instance_220_large  30006.028500        1363.000000         1297.000000         0.048423            336                 18                  0.538462            0.053571            
Instance_221_large  30014.539400        1818.000000         1780.000000         0.020902            504                 18                  0.750000            0.035714            
Instance_222_large  30003.943000        2105.000000         2056.000000         0.023278            504                 18                  0.750000            0.035714            
Instance_223_large  29999.683800        1927.000000         1882.000000         0.023352            504                 18                  0.750000            0.035714            
Instance_224_large  30004.507400        1888.000000         1832.000000         0.029661            504                 18                  0.750000            0.035714            
Instance_225_large  30028.001800        1760.000000         1696.000000         0.036364            504                 18                  0.750000            0.035714            
Instance_226_large  29998.726100        1516.000000         1458.000000         0.038259            504                 18                  0.750000            0.035714            
Instance_227_large  30016.058300        1610.000000         1583.000000         0.016770            504                 18                  0.750000            0.035714            
Instance_228_large  30017.487700        2063.000000         1977.000000         0.041687            504                 18                  0.750000            0.035714            
Instance_229_large  30010.988200        1355.000000         1290.000000         0.047970            504                 18                  0.750000            0.035714            
Instance_22_large   30011.011500        1417.000000         1343.000000         0.052223            400                 18                  1.000000            0.045000            
Instance_230_large  30001.231400        2003.000000         1930.000000         0.036445            504                 18                  0.750000            0.035714            
Instance_231_large  30005.700300        2093.000000         2081.000000         0.005733            672                 18                  1.000000            0.026786            
Instance_232_large  30005.763000        2288.000000         2226.000000         0.027098            672                 18                  1.000000            0.026786            
Instance_233_large  30007.329000        2637.000000         2603.000000         0.012893            672                 18                  1.000000            0.026786            
Instance_234_large  29999.122900        2518.000000         2448.000000         0.027800            672                 18                  1.000000            0.026786            
Instance_235_large  29993.441600        4010.000000         3955.000000         0.013716            672                 18                  1.000000            0.026786            
Instance_236_large  30004.862200        2810.000000         2764.000000         0.016370            672                 18                  1.000000            0.026786            
Instance_237_large  29998.739200        2878.000000         2806.000000         0.025017            672                 18                  1.000000            0.026786            
Instance_238_large  30011.517100        3150.000000         3118.000000         0.010159            672                 18                  1.000000            0.026786            
Instance_239_large  30007.103600        2552.000000         2497.000000         0.021552            672                 18                  1.000000            0.026786            
Instance_23_large   30002.717300        1298.000000         1236.000000         0.047766            400                 18                  1.000000            0.045000            
Instance_240_large  30010.258300        2553.000000         2479.000000         0.028986            672                 18                  1.000000            0.026786            
Instance_241_large  30008.393200        954.000000          947.000000          0.007338            392                 18                  0.583333            0.045918            
Instance_242_large  30010.488000        1435.000000         1381.000000         0.037631            392                 18                  0.700000            0.045918            
Instance_243_large  30012.732600        1177.000000         1116.000000         0.051827            392                 18                  0.636364            0.045918            
Instance_244_large  30005.179500        1547.000000         1505.000000         0.027149            392                 18                  0.636364            0.045918            
Instance_245_large  30006.333100        1094.000000         965.000000          0.117916            392                 18                  0.636364            0.045918            
Instance_246_large  29998.709400        1308.000000         1263.000000         0.034404            392                 18                  0.700000            0.045918            
Instance_247_large  30001.808900        1876.000000         1832.000000         0.023454            392                 18                  0.777778            0.045918            
Instance_248_large  30007.012700        1252.000000         1205.000000         0.037540            392                 18                  0.666667            0.045918            
Instance_249_large  30002.399900        1308.000000         1290.000000         0.013761            392                 18                  0.666667            0.045918            
Instance_24_large   30008.384400        1983.000000         1893.000000         0.045386            400                 18                  1.000000            0.045000            
Instance_250_large  30015.651700        1507.000000         1466.000000         0.027206            392                 18                  0.608696            0.045918            
Instance_251_large  30002.675400        2817.000000         2795.000000         0.007810            588                 18                  0.750000            0.030612            
Instance_252_large  30002.671800        2374.000000         2345.000000         0.012216            588                 18                  0.750000            0.030612            
Instance_253_large  30006.042500        2142.000000         2072.000000         0.032680            588                 18                  0.777778            0.030612            
Instance_254_large  29991.639300        2767.000000         2725.000000         0.015179            588                 18                  0.750000            0.030612            
Instance_255_large  30004.513400        2521.000000         2471.000000         0.019833            588                 18                  0.750000            0.030612            
Instance_256_large  30006.220300        2300.000000         2246.000000         0.023478            588                 18                  0.750000            0.030612            
Instance_257_large  29998.775300        2634.000000         2586.000000         0.018223            588                 18                  0.750000            0.030612            
Instance_258_large  30005.339700        2894.000000         2877.000000         0.005874            588                 18                  0.750000            0.030612            
Instance_259_large  29992.398400        2330.000000         2294.000000         0.015451            588                 18                  0.750000            0.030612            
Instance_25_large   30011.533400        1366.000000         1312.000000         0.039531            400                 18                  1.000000            0.045000            
Instance_260_large  30017.041200        2796.000000         2768.000000         0.010014            588                 18                  0.750000            0.030612            
Instance_261_large  30002.785300        3511.000000         3435.000000         0.021646            784                 18                  1.000000            0.022959            
Instance_262_large  30002.557000        3760.000000         3694.000000         0.017553            784                 18                  1.000000            0.022959            
Instance_263_large  30011.578700        3160.000000         3081.000000         0.025000            784                 18                  1.000000            0.022959            
Instance_264_large  30004.650300        2309.000000         2242.000000         0.029017            784                 18                  1.000000            0.022959            
Instance_265_large  30008.542800        3081.000000         3021.000000         0.019474            784                 18                  1.000000            0.022959            
Instance_266_large  30003.108400        3103.000000         3059.000000         0.014180            784                 18                  1.000000            0.022959            
Instance_267_large  29995.391500        2469.000000         2403.000000         0.026731            784                 18                  1.000000            0.022959            
Instance_268_large  30005.164300        2771.000000         2762.000000         0.003248            784                 18                  1.000000            0.022959            
Instance_269_large  30011.792200        3231.000000         3175.000000         0.017332            784                 18                  1.000000            0.022959            
Instance_26_large   30003.923800        1206.000000         1159.000000         0.038972            400                 18                  1.000000            0.045000            
Instance_270_large  30001.188800        2903.000000         2878.000000         0.008612            784                 18                  1.000000            0.022959            
Instance_271_large  30004.540000        560.000000          414.000000          0.260714            200                 21                  0.666667            0.105000            
Instance_272_large  30001.750800        584.000000          480.000000          0.178082            200                 21                  0.666667            0.105000            
Instance_273_large  30005.475900        604.000000          500.000000          0.172185            200                 21                  0.714286            0.105000            
Instance_274_large  30004.931500        568.000000          438.000000          0.228873            200                 21                  0.666667            0.105000            
Instance_275_large  30003.065100        509.000000          369.000000          0.275049            200                 21                  0.714286            0.105000            
Instance_276_large  30002.651400        647.000000          506.000000          0.217929            200                 21                  0.625000            0.105000            
Instance_277_large  30005.522600        600.000000          487.000000          0.188333            200                 21                  0.555556            0.105000            
Instance_278_large  29991.389000        385.000000          250.000000          0.350649            200                 21                  0.588235            0.105000            
Instance_279_large  30008.145700        808.000000          697.000000          0.137376            200                 21                  0.714286            0.105000            
Instance_27_large   30006.392400        1253.000000         1205.000000         0.038308            400                 18                  1.000000            0.045000            
Instance_280_large  30006.724000        651.000000          541.000000          0.168971            200                 21                  0.588235            0.105000            
Instance_281_large  30005.880200        948.000000          823.000000          0.131857            300                 21                  0.750000            0.070000            
Instance_282_large  30016.320500        1302.000000         1157.000000         0.111367            300                 21                  0.750000            0.070000            
Instance_283_large  30015.059700        921.000000          723.000000          0.214984            300                 21                  0.750000            0.070000            
Instance_284_large  30010.061200        905.000000          729.000000          0.194475            300                 21                  0.750000            0.070000            
Instance_285_large  30011.311500        1102.000000         965.000000          0.124319            300                 21                  0.750000            0.070000            
Instance_286_large  30001.382000        1189.000000         1110.000000         0.066442            300                 21                  0.750000            0.070000            
Instance_287_large  30002.569400        1093.000000         909.000000          0.168344            300                 21                  0.750000            0.070000            
Instance_288_large  29991.655300        1053.000000         919.000000          0.127255            300                 21                  0.750000            0.070000            
Instance_289_large  30004.352700        941.000000          839.000000          0.108395            300                 21                  0.750000            0.070000            
Instance_28_large   29998.809500        1326.000000         1271.000000         0.041478            400                 18                  1.000000            0.045000            
Instance_290_large  29998.326600        1048.000000         840.000000          0.198473            300                 21                  0.750000            0.070000            
Instance_291_large  30014.747100        1435.000000         1299.000000         0.094774            400                 21                  1.000000            0.052500            
Instance_292_large  30006.585100        1155.000000         1055.000000         0.086580            400                 21                  1.000000            0.052500            
Instance_293_large  30005.693600        1558.000000         1483.000000         0.048139            400                 21                  1.000000            0.052500            
Instance_294_large  30003.894300        1306.000000         1140.000000         0.127106            400                 21                  1.000000            0.052500            
Instance_295_large  30015.047500        1424.000000         1276.000000         0.103933            400                 21                  1.000000            0.052500            
Instance_296_large  30021.021100        1440.000000         1240.000000         0.138889            400                 21                  1.000000            0.052500            
Instance_297_large  29990.659600        1182.000000         1054.000000         0.108291            400                 21                  1.000000            0.052500            
Instance_298_large  30005.463600        1081.000000         968.000000          0.104533            400                 21                  1.000000            0.052500            
Instance_299_large  30007.263800        1183.000000         1049.000000         0.113271            400                 21                  1.000000            0.052500            
Instance_29_large   30010.508000        990.000000          909.000000          0.081818            400                 18                  1.000000            0.045000            
Instance_2_large    29989.994800        578.000000          530.000000          0.083045            200                 18                  0.555556            0.090000            
Instance_300_large  30006.211800        1434.000000         1271.000000         0.113668            400                 21                  1.000000            0.052500            
Instance_301_large  30002.538200        709.000000          585.000000          0.174894            240                 21                  0.500000            0.087500            
Instance_302_large  30002.691200        821.000000          743.000000          0.095006            240                 21                  0.666667            0.087500            
Instance_303_large  30007.879800        746.000000          667.000000          0.105898            240                 21                  0.625000            0.087500            
Instance_304_large  30004.771400        675.000000          560.000000          0.170370            240                 21                  0.588235            0.087500            
Instance_305_large  30005.819600        659.000000          463.000000          0.297420            240                 21                  0.625000            0.087500            
Instance_306_large  29997.543500        653.000000          538.000000          0.176110            240                 21                  0.625000            0.087500            
Instance_307_large  30014.249900        638.000000          571.000000          0.105016            240                 21                  0.666667            0.087500            
Instance_308_large  29999.493800        562.000000          491.000000          0.126335            240                 21                  0.625000            0.087500            
Instance_309_large  30004.038300        636.000000          514.000000          0.191824            240                 21                  0.625000            0.087500            
Instance_30_large   30003.251200        1108.000000         1043.000000         0.058664            400                 18                  1.000000            0.045000            
Instance_310_large  30005.422400        820.000000          590.000000          0.280488            240                 21                  0.500000            0.087500            
Instance_311_large  30003.828200        1191.000000         1103.000000         0.073887            360                 21                  0.750000            0.058333            
Instance_312_large  30002.978600        1390.000000         1284.000000         0.076259            360                 21                  0.750000            0.058333            
Instance_313_large  30015.713700        1222.000000         1069.000000         0.125205            360                 21                  0.750000            0.058333            
Instance_314_large  30003.948300        1203.000000         1139.000000         0.053200            360                 21                  0.750000            0.058333            
Instance_315_large  30003.801400        1501.000000         1258.000000         0.161892            360                 21                  0.750000            0.058333            
Instance_316_large  30007.425700        1534.000000         1347.000000         0.121904            360                 21                  0.750000            0.058333            
Instance_317_large  30003.244600        1677.000000         1564.000000         0.067382            360                 21                  0.750000            0.058333            
Instance_318_large  30001.531200        902.000000          789.000000          0.125277            360                 21                  0.750000            0.058333            
Instance_319_large  29997.114700        1446.000000         1314.000000         0.091286            360                 21                  0.750000            0.058333            
Instance_31_large   29991.585900        650.000000          562.000000          0.135385            240                 18                  0.666667            0.075000            
Instance_320_large  30004.601500        1629.000000         1508.000000         0.074279            360                 21                  0.750000            0.058333            
Instance_321_large  30002.077200        1859.000000         1665.000000         0.104357            480                 21                  1.000000            0.043750            
Instance_322_large  29992.762800        1962.000000         1865.000000         0.049439            480                 21                  1.000000            0.043750            
Instance_323_large  30009.374800        2221.000000         2099.000000         0.054930            480                 21                  1.000000            0.043750            
Instance_324_large  30018.383100        2207.000000         2117.000000         0.040779            480                 21                  1.000000            0.043750            
Instance_325_large  29999.222300        1765.000000         1623.000000         0.080453            480                 21                  1.000000            0.043750            
Instance_326_large  30004.096900        1410.000000         1301.000000         0.077305            480                 21                  1.000000            0.043750            
Instance_327_large  30003.785500        2074.000000         1940.000000         0.064609            480                 21                  1.000000            0.043750            
Instance_328_large  30004.756900        2137.000000         2027.000000         0.051474            480                 21                  1.000000            0.043750            
Instance_329_large  30009.139300        1522.000000         1272.000000         0.164258            480                 21                  1.000000            0.043750            
Instance_32_large   30012.381300        636.999999          589.000000          0.075353            240                 18                  0.666667            0.075000            
Instance_330_large  29993.716200        2402.000000         2325.000000         0.032057            480                 21                  1.000000            0.043750            
Instance_331_large  30018.484700        909.000000          741.000000          0.184818            280                 21                  0.714286            0.075000            
Instance_332_large  30004.120500        849.000000          707.000000          0.167256            280                 21                  0.625000            0.075000            
Instance_333_large  30008.060300        904.000000          759.000000          0.160398            280                 21                  0.500000            0.075000            
Instance_334_large  30004.614300        865.000000          724.000000          0.163006            280                 21                  0.625000            0.075000            
Instance_335_large  30003.994800        777.999993          576.000000          0.259640            280                 21                  0.625000            0.075000            
Instance_336_large  30001.406700        685.000000          600.000000          0.124088            280                 21                  0.526316            0.075000            
Instance_337_large  30002.911800        945.000000          866.000000          0.083598            280                 21                  0.625000            0.075000            
Instance_338_large  29993.047200        658.000000          565.000000          0.141337            280                 21                  0.588235            0.075000            
Instance_339_large  30009.781000        721.000000          664.000000          0.079057            280                 21                  0.526316            0.075000            
Instance_33_large   29987.741200        623.000000          499.000000          0.199037            240                 18                  0.666667            0.075000            
Instance_340_large  30010.183600        899.000000          780.000000          0.132369            280                 21                  0.588235            0.075000            
Instance_341_large  30004.500200        1430.000000         1247.000000         0.127972            420                 21                  0.750000            0.050000            
Instance_342_large  30003.273700        1321.000000         1227.000000         0.071158            420                 21                  0.750000            0.050000            
Instance_343_large  30004.569300        1640.000000         1541.000000         0.060366            420                 21                  0.750000            0.050000            
Instance_344_large  29990.350700        1728.000000         1662.000000         0.038194            420                 21                  0.750000            0.050000            
Instance_345_large  30009.430500        1499.000000         1443.000000         0.037358            420                 21                  0.750000            0.050000            
Instance_346_large  30005.685200        1600.000000         1535.000000         0.040625            420                 21                  0.750000            0.050000            
Instance_347_large  30002.226200        1680.000000         1310.000000         0.220238            420                 21                  0.750000            0.050000            
Instance_348_large  29992.901700        1795.000000         1713.000000         0.045682            420                 21                  0.750000            0.050000            
Instance_349_large  30006.903000        1779.000000         1496.000000         0.159078            420                 21                  0.750000            0.050000            
Instance_34_large   30011.018800        665.000000          537.000000          0.192481            240                 18                  0.625000            0.075000            
Instance_350_large  30004.404800        1266.000000         1084.000000         0.143760            420                 21                  0.750000            0.050000            
Instance_351_large  30001.929200        1451.000000         1354.000000         0.066850            560                 21                  1.000000            0.037500            
Instance_352_large  30007.381600        1699.000000         1552.000000         0.086521            560                 21                  1.000000            0.037500            
Instance_353_large  30009.671400        2066.000000         1883.000000         0.088577            560                 21                  1.000000            0.037500            
Instance_354_large  30000.631800        2355.000000         2238.000000         0.049682            560                 21                  1.000000            0.037500            
Instance_355_large  30003.561500        2475.000000         2388.000000         0.035152            560                 21                  1.000000            0.037500            
Instance_356_large  30007.120300        2557.000000         2482.000000         0.029331            560                 21                  1.000000            0.037500            
Instance_357_large  30003.651000        1995.000000         1833.000000         0.081203            560                 21                  1.000000            0.037500            
Instance_358_large  30013.847500        1913.000000         1846.000000         0.035024            560                 21                  1.000000            0.037500            
Instance_359_large  30004.508800        2399.000000         2307.000000         0.038349            560                 21                  1.000000            0.037500            
Instance_35_large   12155.889300        641.000000          641.000000          0.000000            240                 18                  0.625000            0.075000            
Instance_360_large  30005.798800        1180.000000         1047.000000         0.112712            560                 21                  1.000000            0.037500            
Instance_361_large  30004.756200        809.000000          633.000000          0.217553            240                 21                  0.750000            0.087500            
Instance_362_large  30004.381800        585.000000          405.000000          0.307692            240                 21                  0.600000            0.087500            
Instance_363_large  30019.751600        700.000000          490.000000          0.300000            240                 21                  0.600000            0.087500            
Instance_364_large  30012.412600        1062.000000         672.000000          0.367232            240                 21                  0.571429            0.087500            
Instance_365_large  30005.135700        788.000000          551.000000          0.300761            240                 21                  0.705882            0.087500            
Instance_366_large  30016.481700        846.000000          737.000000          0.128842            240                 21                  0.631579            0.087500            
Instance_367_large  30001.171700        1012.000000         811.000000          0.198617            240                 21                  0.545455            0.087500            
Instance_368_large  29990.025400        884.000000          779.000000          0.118778            240                 21                  0.705882            0.087500            
Instance_369_large  30002.549400        939.000000          819.000000          0.127796            240                 21                  0.631579            0.087500            
Instance_36_large   30006.086600        794.000000          564.000000          0.289673            240                 18                  0.555556            0.075000            
Instance_370_large  30000.389400        858.000000          700.000000          0.184149            240                 21                  0.705882            0.087500            
Instance_371_large  30013.758600        1465.000000         1340.000000         0.085324            360                 21                  0.750000            0.058333            
Instance_372_large  29999.072100        1520.000000         1368.000000         0.100000            360                 21                  0.750000            0.058333            
Instance_373_large  30004.138800        1020.000000         878.000000          0.139216            360                 21                  0.750000            0.058333            
Instance_374_large  29999.890300        1333.000000         1213.000000         0.090023            360                 21                  0.750000            0.058333            
Instance_375_large  30005.268900        1561.000000         1413.000000         0.094811            360                 21                  0.750000            0.058333            
Instance_376_large  29996.392800        1180.000000         1035.000000         0.122881            360                 21                  0.782609            0.058333            
Instance_377_large  30013.478100        1294.000000         1173.000000         0.093509            360                 21                  0.750000            0.058333            
Instance_378_large  30004.065500        1641.000000         1425.000000         0.131627            360                 21                  0.750000            0.058333            
Instance_379_large  30008.985300        1269.000000         1031.000000         0.187549            360                 21                  0.750000            0.058333            
Instance_37_large   29989.489700        594.000000          542.000000          0.087542            240                 18                  0.714286            0.075000            
Instance_380_large  30004.868600        1402.000000         1207.000000         0.139087            360                 21                  0.750000            0.058333            
Instance_381_large  30003.439700        1584.000000         1469.000000         0.072601            480                 21                  1.000000            0.043750            
Instance_382_large  30005.160900        1350.000000         1223.000000         0.094074            480                 21                  1.000000            0.043750            
Instance_383_large  30008.982900        2004.000000         1891.000000         0.056387            480                 21                  1.000000            0.043750            
Instance_384_large  29994.971200        2231.000000         2124.000000         0.047961            480                 21                  1.000000            0.043750            
Instance_385_large  30003.804300        1856.000000         1731.000000         0.067349            480                 21                  1.000000            0.043750            
Instance_386_large  30012.951400        2992.000000         2336.000000         0.219251            480                 21                  1.000000            0.043750            
Instance_387_large  29988.769300        1637.000000         1526.000000         0.067807            480                 21                  1.000000            0.043750            
Instance_388_large  30003.470500        2584.000000         2412.000000         0.066563            480                 21                  1.000000            0.043750            
Instance_389_large  30015.895200        2447.000000         2257.000000         0.077646            480                 21                  1.000000            0.043750            
Instance_38_large   30005.648300        603.000000          553.000000          0.082919            240                 18                  0.625000            0.075000            
Instance_390_large  30009.123500        1580.000000         1414.000000         0.105063            480                 21                  1.000000            0.043750            
Instance_391_large  29994.977000        1043.000000         912.000000          0.125599            288                 21                  0.666667            0.072917            
Instance_392_large  30002.762800        778.000000          661.000000          0.150386            288                 21                  0.631579            0.072917            
Instance_393_large  30010.037600        1079.000000         1008.000000         0.065802            288                 21                  0.600000            0.072917            
Instance_394_large  30005.670900        909.000000          814.000000          0.104510            288                 21                  0.545455            0.072917            
Instance_395_large  30015.259100        996.000000          956.000000          0.040161            288                 21                  0.666667            0.072917            
Instance_396_large  29992.980100        946.000000          816.000000          0.137421            288                 21                  0.631579            0.072917            
Instance_397_large  30001.449100        810.000000          621.000000          0.233333            288                 21                  0.800000            0.072917            
Instance_398_large  30004.005400        1003.000000         955.000000          0.047856            288                 21                  0.600000            0.072917            
Instance_399_large  30004.398400        623.000000          497.000000          0.202247            288                 21                  0.705882            0.072917            
Instance_39_large   30011.489600        808.000000          745.000000          0.077970            240                 18                  0.625000            0.075000            
Instance_3_large    30003.777800        619.000000          588.000000          0.050081            200                 18                  0.625000            0.090000            
Instance_400_large  30003.885800        1089.000000         997.000000          0.084481            288                 21                  0.600000            0.072917            
Instance_401_large  30009.275900        1646.000000         1534.000000         0.068044            432                 21                  0.750000            0.048611            
Instance_402_large  30004.106000        1728.000000         1665.000000         0.036458            432                 21                  0.750000            0.048611            
Instance_403_large  30004.960100        1426.000000         1275.000000         0.105891            432                 21                  0.750000            0.048611            
Instance_404_large  29997.709400        2210.000000         2036.000000         0.078733            432                 21                  0.750000            0.048611            
Instance_405_large  29991.386800        1889.000000         1610.000000         0.147697            432                 21                  0.750000            0.048611            
Instance_406_large  30003.519400        1376.000000         1295.000000         0.058866            432                 21                  0.750000            0.048611            
Instance_407_large  30010.679100        1291.000000         1214.000000         0.059644            432                 21                  0.750000            0.048611            
Instance_408_large  30006.449800        1373.000000         1294.000000         0.057538            432                 21                  0.750000            0.048611            
Instance_409_large  29999.095400        1455.000000         1337.000000         0.081100            432                 21                  0.750000            0.048611            
Instance_40_large   30002.752500        688.000000          646.000000          0.061047            240                 18                  0.625000            0.075000            
Instance_410_large  29997.819200        1941.000000         1805.000000         0.070067            432                 21                  0.750000            0.048611            
Instance_411_large  30004.573700        1772.000000         1684.000000         0.049661            576                 21                  1.000000            0.036458            
Instance_412_large  29998.933200        2110.000000         1791.000000         0.151185            576                 21                  1.000000            0.036458            
Instance_413_large  30003.027700        2854.000000         2690.000000         0.057463            576                 21                  1.000000            0.036458            
Instance_414_large  30014.641700        2452.000000         2279.000000         0.070555            576                 21                  1.000000            0.036458            
Instance_415_large  30003.516900        3354.000000         3140.000000         0.063804            576                 21                  1.000000            0.036458            
Instance_416_large  30004.661300        2629.000000         2466.000000         0.062001            576                 21                  1.000000            0.036458            
Instance_417_large  30013.245900        2327.000000         2176.000000         0.064890            576                 21                  1.000000            0.036458            
Instance_418_large  30003.200700        2280.000000         1961.000000         0.139912            576                 21                  1.000000            0.036458            
Instance_419_large  29999.120400        2652.000000         2557.000000         0.035822            576                 21                  1.000000            0.036458            
Instance_41_large   30004.598700        989.000000          923.000000          0.066734            360                 18                  0.750000            0.050000            
Instance_420_large  29992.878300        1996.000000         1855.000000         0.070641            576                 21                  1.000000            0.036458            
Instance_421_large  30004.036200        1157.000000         831.000000          0.281763            336                 21                  0.666667            0.062500            
Instance_422_large  30002.673700        1258.000000         740.000000          0.411765            336                 21                  0.600000            0.062500            
Instance_423_large  30016.379000        1083.000000         1010.000000         0.067405            336                 21                  0.545455            0.062500            
Instance_424_large  29996.826800        1073.000000         886.000000          0.174278            336                 21                  0.600000            0.062500            
Instance_425_large  30008.608100        1110.000000         1054.000000         0.050450            336                 21                  0.631579            0.062500            
Instance_426_large  30003.715800        884.000000          831.000000          0.059955            336                 21                  0.666667            0.062500            
